$ 1 1.5625e-10 3.3115451958692312 50 5 43 5e-11
197 128 624 240 624 4096
157 -192 976 -176 976 0 7 0 -1
157 128 976 192 976 0 7 0 -1
157 432 976 480 976 0 7 0 -1
157 768 976 864 976 0 7 0 -1
189 240 16 352 16 2048 8 0
189 -128 16 -96 16 2048 8 0
184 -144 288 144 288 5120 2
164 -320 480 -304 480 0 4 0 0 5 0 false 0
184 96 288 160 288 5120 2
184 576 288 592 288 5120 2
184 336 288 352 288 5120 2
w -80 256 -64 112 0
w 64 112 -48 256 0
w 304 112 -16 256 0
w 432 112 16 256 0
w -32 112 160 256 0
w 96 112 192 256 0
w 336 112 224 256 0
w 464 112 256 256 0
w 0 112 400 256 0
w 128 112 432 256 0
w 368 112 464 256 0
w 496 112 496 256 0
w 640 256 32 112 0
w 672 256 160 112 0
w 704 256 400 112 0
w 736 256 528 112 0
w 240 48 160 112 0
w 240 16 -128 16 0
w -144 320 576 320 0
w 96 320 -144 320 0
w 336 320 96 320 0
w -144 352 96 352 0
w 96 352 336 352 0
w 336 352 576 352 0
w 16 384 160 592 0
w 256 384 192 592 0
w 496 384 224 592 0
w 736 384 256 592 0
r 160 752 160 784 0 100
r 192 752 192 784 0 100
r 224 752 224 784 0 100
r 256 752 256 784 0 100
r 288 752 288 784 0 100
r 320 752 320 784 0 100
r 352 752 352 784 0 100
w 160 784 128 976 0
w -192 1008 192 784 0
w 192 784 128 1008 0
w 192 784 432 1008 0
w 192 784 768 1008 0
w 224 784 -192 1040 0
w 128 1040 224 784 0
w 432 1040 224 784 0
w 768 1040 224 784 0
w 256 784 -192 1072 0
w 256 784 128 1072 0
w 432 1072 256 784 0
w 768 1072 256 784 0
w 0 976 288 784 0
w 288 784 320 976 0
w 288 784 624 976 0
w 288 784 960 976 0
w 320 784 0 1008 0
w 320 784 320 1008 0
w 320 784 624 1008 0
w 320 784 960 1008 0
w 352 784 0 1040 0
w 352 784 320 1040 0
w 352 784 624 1040 0
w 352 768 960 1040 0
w 352 768 352 784 0
185 -656 1040 -304 1040 0 2
r -480 1040 -432 1040 0 1000
r -464 1088 -432 1088 0 1000
w -432 1088 -368 1088 0
r -480 1136 -448 1136 0 1000
w -432 1136 -448 1136 0
r -496 1184 -448 1184 0 1000
w -400 1120 624 1072 0
w -416 1168 960 1072 0
w -624 1200 -944 1200 0
w -944 1200 -944 352 0
w -144 320 -944 352 0
w -224 576 -944 688 0
w -592 1200 -592 1344 0
w -592 1344 -784 1344 0
w -784 1344 -768 384 0
w -768 384 -144 352 0
w -768 528 -224 544 0
t -416 1040 -384 1040 1 -1 2.67376941177157 -2.773764329333517e-9 100 default
t -368 1088 -336 1088 1 -1 0.1015860163054274 -0.7231239731379331 100 default
t -432 1136 -400 1136 1 -1 1.3051104678964722 -0.4686759639948255 100 default
t -448 1184 -416 1184 1 -1 2.6737694117715516 -2.773763441155097e-9 100 default
R -416 1200 -416 1232 0 0 40 5 0 0 0.5
R -400 1152 -384 1136 0 0 40 5 0 0 0.5
R -336 1104 -320 1104 0 0 40 5 0 0 0.5
R -384 1056 -352 1056 0 0 40 5 0 0 0.5
w 432 976 160 784 0
w 768 976 592 928 0
w 592 928 160 784 0
w -192 976 160 784 0
R -320 480 -1344 496 1 2 200000000 2.5 2.5 0 0.5
R -656 1040 -688 1040 0 0 40 5 0 0 0.5
I -528 1040 -480 1040 0 0.5 5
I -528 1072 -480 1072 0 0.5 5
w -464 1088 -480 1072 0
I -512 1104 -480 1104 0 0.5 5
I -512 1152 -480 1152 0 0.5 5
w -528 1136 -512 1152 0
w -480 1152 -496 1184 0
w -480 1136 -480 1104 0
w -512 1104 -528 1104 0
w 320 1072 -336 1072 0
w -384 1024 0 1072 0
w -432 1040 -416 1040 0
w -624 1200 -224 576 0
w -224 544 -592 1200 0
s -432 -128 -384 -128 0 0 false
s -384 -128 -128 48 0 1 false
R -432 -128 -480 -128 0 0 40 5 0 0 0.5
R -128 16 -176 -32 1 2 100000000 2.5 2.5 0 0.5
I 144 736 144 752 0 0.5 5
I 176 736 176 752 0 0.5 5
I 208 736 208 752 0 0.5 5
I 240 736 240 752 0 0.5 5
I 272 736 272 752 0 0.5 5
I 304 736 304 752 0 0.5 5
w 144 736 160 720 0
w 144 752 160 752 0
w 176 736 192 720 0
w 176 752 192 752 0
w 224 720 208 736 0
w 208 752 224 752 0
w 240 752 256 752 0
w 240 736 256 720 0
w 272 736 288 720 0
w 272 752 288 752 0
w 304 736 320 720 0
w 304 752 320 752 0
w 336 752 352 752 0
I 384 736 384 752 0 0.5 5
w 352 720 384 736 0
w 384 752 352 752 0
